   47 
   43 
   51 
   42 
   72 
  114 
   90 
   69 
   78 
  101 
   80 
   68 
   62 
   74 
   94 
  114 
   86 
   65 
   60 
   60 
   67 
   63 
   70 
   79 
   95 
   87 
   77 
   59 
   61 
   67 
   83 
   94 
   86 
   92 
   80 
   81 
   88 
   82 
   66 
   62 
   52 
   72 
   93 
  104 
  113 
  104 
   87 
   81 
   87 
   78 
   81 
   80 
   95 
  107 
   92 
   71 
   71 
   71 
   57 
   80 
  116 
   87 
  102 
  113 
  108 
  102 
   94 
  102 
   98 
   90 
   93 
   83 
   89 
  104 
  112 
  108 
  102 
   97 
   92 
   90 
   97 
  116 
  126 
  124 
  137 
  140 
  127 
  125 
  107 
  103 
  115 
  139 
  127 
  109 
  110 
  128 
  162 
  153 
  124 
  117 
  126 
  130 
  127 
  117 
  140 
  145 
  122 
  127 
  132 
  132 
  122 
  122 
  126 
  130 
  121 
  105 
  102 
   98 
   82 
   89 
  119 
  113 
   97 
  100 
   96 
  102 
   90 
   72 
   55 
   62 
   85 
   96 
   99 
   97 
   96 
   80 
   74 
   62 
   37 
   67 
   84 
   82 
   82 
   78 
   70 
   72 
   59 
   37 
   44 
   79 
  103 
   77 
   83 
   75 
   66 
   73 
   76 
   61 
   53 
   53 
   54 
   46 
   66 
   98 
   88 
   81 
   76 
   66 
   64 
   61 
   48 
   62 
   78 
   82 
   83 
   75 
   59 
   52 
   64 
   70 
   61 
   77 
   70 
   67 
   72 
   72 
   72 
   66 
   52 
   46 
   68 
   90 
   80 
   89 
   96 
   73 
   41 
   28 
   36 
   75 
   94 
   85 
   93 
   86 
   82 
   75 
   53 
   44 
   52 
   58 
   64 
   70 
   64 
   68 
   67 
   87 
   71 
   65 
   62 
   60 
   52 
   69 
   82 
   76 
   74 
   77 
   51 
   48 
   53 
   53 
   60 
   72 
   63 
   58 
   90 
   72 
   54 
   58 
   57 
   51 
   56 
   67 
   66 
   73 
   62 
   77 
   60 
   49 
   57 
   63 
   65 
   77 
   75 
   76 
   75 
   70 
   35 
   46 
   51 
   50 
   62 
   70 
   68 
   66 
   75 
   63 
   33 
   44 
   59 
   68 
   59 
   63 
   78 
   69 
   70 
   53 
   38 
   57 
   62 
   69 
   59 
   69 
   86 
   79 
   62 
   61 
   59 
   57 
   58 
   50 
   60 
   61 
   69 
   85 
   76 
   65 
   56 
   32 
   17 
   46 
   93 
   95 
   95 
  105 
   88 
   80 
   72 
   59 
   64 
   73 
   71 
   74 
   80 
   76 
   88 
   73 
   64 
   66 
   69 
   60 
   67 
   74 
   72 
   85 
   62 
   30 
   17 
   39 
   82 
   89 
   76 
   72 
   66 
   65 
   68 
   67 
   64 
   44 
   48 
   60 
   60 
   69 
   59 
   47 
   62 
   48 
   30 
   30 
   49 
   45 
   66 
   70 
   72 
   65 
   52 
   50 
   53 
   72 
   60 
   36 
   27 
   64 
   78 
   68 
   51 
   42 
   35 
   55 
   54 
   20 
   39 
   76 
   75 
   78 
   93 
   94 
  107 
  128 
  152 
  162 
  189 
  215 
  242 
  242 
  235 
  206 
  186 
  156 
  133 
  112 
   77 
   55 
   45 
   48 
   66 
   37 
   33 
   42 
   42 
   50 
   62 
   74 
   74 
   47 
   40 
   42 
   24 
   56 
   72 
   69 
   65 
   71 
   73 
   63 
   58 
   47 
   41 
   25 
   44 
   81 
   84 
   82 
   85 
   77 
   62 
   58 
   60 
   66 
   56 
   64 
   76 
   69 
   42 
   42 
   87 
   69 
   65 
   63 
   67 
   57 
   48 
   65 
   83 
   81 
   71 
   62 
   65 
   59 
   70 
   73 
   79 
   84 
   85 
   82 
   66 
   66 
   61 
   49 
   81 
   98 
  103 
   94 
   97 
   97 
   79 
   70 
   69 
   72 
   77 
   83 
   71 
  100 
  109 
  111 
   94 
   79 
   79 
   73 
   85 
  106 
   96 
  136 
  138 
  128 
  114 
  106 
  110 
   97 
  103 
  110 
  119 
  130 
  126 
  123 
  111 
   98 
   95 
  109 
   93 
   91 
  109 
  114 
  117 
  122 
  101 
   97 
   88 
   66 
   73 
  110 
  115 
  115 
  104 
   86 
   74 
   84 
   78 
   65 
   44 
   77 
   89 
   88 
   80 
   78 
   65 
   50 
   35 
   37 
   57 
   66 
   61 
   66 
   68 
   64 
   41 
   43 
   48 
   46 
   52 
   61 
   58 
   58 
   61 
   62 
   59 
   60 
   55 
   56 
   54 
   75 
   67 
   67 
   62 
   52 
   53 
   46 
   28 
   49 
   43 
   53 
   66 
   75 
   58 
   51 
   58 
   73 
   46 
   49 
   51 
   58 
   75 
   76 
   65 
   41 
   57 
   59 
   50 
   41 
   44 
   69 
   84 
   70 
   69 
   63 
   63 
   68 
   53 
   48 
   65 
   71 
   72 
   68 
   54 
   53 
   64 
   46 
   37 
   47 
   55 
   76 
   82 
   79 
   68 
   54 
   50 
   41 
   45 
   68 
   69 
   73 
   70 
   66 
   51 
   43 
   52 
   34 
   32 
   35 
   52 
   62 
   77 
   71 
   51 
   61 
   61 
   60 
   46 
   54 
   67 
   58 
   73 
   64 
   51 
   43 
   54 
   57 
   51 
   47 
   50 
   72 
   58 
   57 
   47 
   31 
   46 
   56 
   38 
   24 
   47 
  101 
   81 
   62 
   63 
   59 
   47 
   48 
   53 
   54 
   59 
   62 
   70 
   67 
   41 
   41 
   47 
   57 
   54 
   54 
   60 
   57 
   50 
   38 
   49 
   56 
   59 
   50 
   57 
   67 
   70 
   74 
   66 
   61 
   51 
   48 
   50 
   42 
   59 
   73 
   75 
   61 
   54 
   58 
   68 
   73 
   81 
   54 
   56 
   72 
   90 
   86 
   83 
   58 
   41 
   56 
   55 
   67 
   75 
   73 
   68 
   67 
   63 
   64 
   65 
   44 
   21 
   29 
   45 
   66 
   71 
   80 
   65 
   33 
   26 
   49 
   43 
   53 
   66 
   69 
   62 
   53 
   47 
   39 
   48 
   50 
   49 
   35 
   52 
   69 
   67 
   74 
   63 
   55 
   45 
   34 
   41 
   50 
   48 
   52 
   60 
   64 
   65 
   47 
   41 
   25 
   25 
   28 
   45 
   59 
   45 
   38 
   55 
   55 
   62 
   76 
   64 
   84 
  104 
  131 
  171 
  185 
  207 
  232 
  234 
  223 
  212 
  192 
  167 
  149 
  135 
  120 
   78 
   49 
   30 
   20 
   12 
   19 
   36 
   44 
   54 
   72 
   70 
   67 
   43 
   32 
   15 
   40 
   67 
   62 
   65 
   66 
   70 
   71 
   58 
   43 
   35 
   39 
   46 
   47 
   52 
   67 
   94 
   69 
   51 
   62 
   57 
   53 
   66 
   74 
   68 
   70 
   53 
   53 
   66 
   57 
   64 
   57 
   73 
   81 
   72 
   74 
   45 
   55 
   70 
   66 
   57 
   64 
   60 
   66 
   69 
   69 
   59 
   55 
   55 
   72 
   92 
   80 
   60 
   86 
   89 
   82 
   74 
   75 
   72 
   75 
   68 
   79 
   91 
   95 
  100 
  111 
   88 
   66 
   74 
   66 
   93 
   88 
   81 
  100 
  118 
  118 
   97 
   90 
  112 
  105 
   92 
  100 
  113 
  121 
  128 
  115 
   83 
   76 
  110 
  113 
  111 
  107 
  122 
  134 
  116 
  115 
  116 
  101 
  105 
  100 
   98 
   89 
  104 
  107 
  100 
  105 
   81 
   75 
   67 
   75 
   68 
   78 
   87 
   78 
   78 
   67 
   37 
   67 
   74 
   69 
   63 
   69 
   68 
   58 
   62 
   78 
   72 
   67 
   66 
   63 
   30 
   53 
   61 
   63 
   63 
   58 
   58 
   42 
   43 
   54 
   59 
   63 
   64 
   60 
   61 
   45 
   32 
   38 
   40 
   44 
   54 
   71 
   81 
   80 
   69 
   73 
   52 
   39 
   50 
   48 
   48 
   50 
   61 
   62 
   70 
   68 
   76 
   50 
   49 
   40 
   44 
   49 
   58 
   68 
   57 
   61 
   65 
   50 
   58 
   64 
   58 
   62 
   68 
   79 
   68 
   69 
   56 
   42 
   26 
   53 
   53 
   55 
   81 
   75 
   74 
   67 
   59 
   51 
   52 
   41 
   39 
   46 
   59 
   76 
   85 
   66 
   52 
   47 
   44 
   50 
   50 
   54 
   75 
   70 
   66 
   60 
   61 
   49 
   41 
   53 
   48 
   56 
   66 
   68 
   48 
   65 
   78 
   47 
   51 
   49 
   53 
   63 
   63 
   60 
   53 
   55 
   46 
   33 
   43 
   47 
   64 
   71 
   69 
   67 
   48 
   33 
   48 
   56 
   52 
   60 
   66 
   73 
   73 
   66 
   60 
   52 
   11 
   33 
   63 
   56 
   53 
   61 
   66 
   72 
   82 
   72 
   41 
   16 
    0 
   26 
   58 
   74 
   77 
   70 
   65 
   54 
   38 
   17 
   24 
   54 
   66 
   77 
   68 
   68 
   78 
   70 
   54 
   48 
   44 
   32 
   53 
   77 
   89 
   56 
   63 
   71 
   58 
   61 
   60 
   61 
   43 
   74 
   74 
   59 
   75 
   78 
   63 
   45 
   48 
   55 
   44 
   49 
   85 
   92 
   77 
   61 
   48 
   50 
   32 
   34 
   48 
   66 
   65 
   67 
   60 
   58 
   57 
   30 
   26 
   45 
   55 
   55 
   54 
   49 
   49 
   50 
   49 
   48 
   54 
   64 
   62 
   49 
   47 
   37 
   57 
   59 
   27 
   26 
   27 
   32 
   44 
   57 
   55 
   71 
   57 
   50 
   41 
   38 
   31 
   29 
   32 
   53 
   61 
   38 
   35 
   51 
   56 
   59 
   70 
   82 
   95 
  108 
  136 
  168 
  187 
  180 
  187 
  204 
  214 
  216 
  211 
  174 
  170 
  148 
  113 
   80 
   62 
   33 
   17 
   37 
   30 
   56 
   67 
   54 
   50 
   53 
   62 
   42 
   55 
   51 
   70 
   64 
   68 
   65 
   60 
   53 
   51 
   42 
   31 
   28 
   53 
   66 
   66 
   67 
   58 
   67 
   55 
   52 
   45 
   41 
   61 
   72 
   75 
   65 
   74 
   59 
   69 
   51 
   32 
   52 
   69 
   67 
   65 
   55 
   50 
   78 
   88 
   65 
   62 
   66 
   79 
   83 
   85 
   63 
   48 
   59 
   42 
   21 
   57 
   84 
   96 
   91 
   87 
   85 
   84 
   72 
   64 
   74 
   75 
   76 
   75 
   65 
   80 
   83 
   93 
   88 
   94 
   73 
   71 
   90 
  101 
  102 
  112 
  114 
   94 
   76 
   84 
   85 
  102 
  111 
  133 
  120 
  114 
   99 
   96 
  101 
   98 
   95 
  102 
  126 
  132 
  132 
  127 
  120 
  115 
   95 
   77 
   87 
   96 
   93 
  115 
  116 
  101 
  101 
  105 
   82 
   70 
   77 
   73 
   87 
   81 
   72 
   85 
   69 
   60 
   35 
   35 
   72 
   86 
   93 
   77 
   77 
   63 
   61 
   72 
   52 
   44 
   54 
   50 
   56 
   72 
   64 
   51 
   42 
   48 
   46 
   37 
   46 
   53 
   47 
   36 
   61 
   90 
   69 
   47 
   39 
   37 
   54 
   26 
   50 
   76 
   73 
   73 
   66 
   42 
   43 
   40 
   33 
   39 
   64 
   80 
   67 
   60 
   69 
   49 
   45 
   41 
   62 
   66 
   56 
   44 
   54 
   71 
   61 
   43 
   41 
   40 
   51 
   66 
   68 
   73 
   71 
   69 
   59 
   49 
   55 
   43 
   57 
   57 
   60 
   66 
   81 
   67 
   53 
   59 
   63 
   53 
   73 
   54 
   54 
   71 
   76 
   58 
   50 
   48 
   41 
   45 
   44 
   57 
   71 
   67 
   61 
   69 
   66 
   50 
   47 
   55 
   46 
   51 
   70 
   86 
   73 
   65 
   53 
   39 
   56 
   35 
   41 
   58 
   65 
   64 
   68 
   67 
   54 
   32 
   53 
   54 
   55 
   68 
   70 
   63 
   61 
   58 
   48 
   42 
   30 
   30 
   72 
   71 
   69 
   65 
   72 
   66 
   46 
   39 
   35 
   43 
   52 
   43 
   39 
   47 
   84 
   76 
   61 
   47 
   50 
   43 
   44 
   53 
   67 
   70 
   68 
   51 
   43 
   50 
   47 
   56 
   68 
   79 
   73 
   62 
   66 
   53 
   58 
   54 
   24 
   38 
   63 
   70 
   70 
   68 
   68 
   66 
   53 
   48 
   48 
   51 
   51 
   74 
   85 
   89 
   82 
   71 
   54 
   45 
   65 
   71 
   72 
   76 
   82 
   78 
   77 
   82 
   63 
   68 
   51 
   33 
   38 
   50 
   65 
   73 
   66 
   62 
   53 
   41 
   21 
   29 
   38 
   68 
   94 
   83 
   72 
   56 
   51 
   39 
   46 
   58 
   58 
   53 
   57 
   71 
   69 
   62 
   38 
   42 
   40 
   36 
   51 
   62 
   64 
   77 
   54 
   50 
   51 
   44 
   40 
   53 
   58 
   64 
   56 
   54 
   51 
   39 
   24 
   20 
   31 
   34 
   64 
   68 
   91 
  117 
  118 
  134 
  131 
  150 
  192 
  215 
  241 
  238 
  235 
  223 
  196 
  166 
  163 
  150 
  113 
   76 
   70 
   51 
   59 
   62 
   48 
   48 
   43 
   48 
   58 
   63 
   68 
   57 
   68 
   69 
   72 
   79 
   58 
   48 
   51 
   63 
   69 
   66 
   47 
   40 
   64 
   54 
   47 
   61 
   62 
   53 
   65 
   74 
   81 
   60 
   46 
   61 
   72 
   61 
   50 
   48 
   80 
   96 
   89 
   82 
   82 
   71 
   68 
   75 
   43 
   46 
   82 
   87 
   81 
   80 
   67 
   51 
   45 
   72 
   74 
   62 
   76 
   84 
   89 
   82 
   77 
   89 
   66 
   65 
   63 
   67 
   84 
   82 
   90 
  100 
  101 
   81 
   92 
   85 
   94 
   92 
  109 
  111 
  105 
  115 
  100 
   87 
  102 
   90 
  105 
  117 
  119 
  116 
  118 
  104 
   90 
  124 
  115 
   93 
  121 
  139 
  146 
  122 
  117 
  128 
  125 
  111 
  106 
  120 
  122 
  131 
  134 
  132 
  127 
  119 
  101 
   72 
   57 
   86 
  103 
  116 
  106 
  110 
  106 
   91 
   67 
   50 
   72 
   90 
   89 
   67 
   67 
   83 
   84 
   75 
   68 
   73 
   58 
   56 
   76 
   74 
   72 
   72 
   67 
   42 
   52 
   58 
   53 
   40 
   63 
   74 
   72 
   72 
   64 
   62 
   62 
   54 
   48 
   48 
   38 
   63 
   80 
   56 
   32 
   45 
   70 
   75 
   62 
   60 
   63 
   67 
   62 
   80 
   82 
   68 
   56 
   51 
   50 
   57 
   46 
   47 
   42 
   66 
   75 
   90 
   71 
   64 
   44 
   47 
   63 
   66 
   69 
   80 
   84 
   80 
   55 
   53 
   43 
   46 
   55 
   63 
   65 
   73 
   81 
   82 
   63 
   55 
   51 
   59 
   57 
   64 
   67 
   80 
   73 
   58 
   60 
   74 
   69 
   76 
   51 
   63 
   71 
   67 
   65 
   67 
   54 
   46 
   51 
   53 
   53 
   62 
   66 
   82 
   77 
   66 
   52 
   39 
   35 
   64 
   60 
   71 
   65 
   36 
   63 
   76 
   73 
   64 
   54 
   53 
   44 
   58 
   83 
   63 
   53 
   66 
   67 
   63 
   56 
   64 
   64 
   49 
   62 
   62 
   54 
   73 
   48 
   39 
   43 
   68 
   75 
   72 
   79 
   65 
   57 
   55 
   69 
   67 
   64 
   76 
   63 
   57 
   60 
   63 
   79 
   78 
   64 
   30 
   50 
   80 
   85 
   96 
   98 
   90 
   79 
   78 
   64 
   60 
   63 
   66 
   68 
   67 
   59 
   80 
   87 
   69 
   53 
   47 
   47 
   51 
   68 
   67 
   61 
   72 
   67 
   49 
   48 
   48 
   52 
   48 
   52 
   58 
   65 
   76 
   81 
   74 
   42 
   19 
   49 
   36 
   42 
   65 
   79 
   63 
   69 
   57 
   74 
   63 
   59 
   64 
   49 
   57 
   63 
   57 
   53 
   44 
   49 
   46 
   46 
   48 
   56 
   48 
   58 
   66 
   59 
   64 
   68 
   80 
   74 
  120 
  155 
  148 
  162 
  181 
  214 
  213 
  224 
  223 
  212 
  210 
  199 
  163 
  141 
  109 
   95 
   53 
   31 
   16 
   18 
   54 
   64 
   61 
   59 
   69 
   66 
   63 
   64 
   53 
   58 
   62 
   67 
   81 
  104 
   84 
   61 
   48 
   48 
   58 
   53 
   49 
   54 
   77 
  107 
   84 
   45 
   60 
   65 
   52 
   56 
   67 
   76 
   85 
   93 
   89 
   93 
   74 
   67 
   56 
   61 
   79 
   89 
   89 
   92 
   80 
   70 
   60 
   58 
   56 
   63 
   78 
   83 
   81 
   85 
   73 
   63 
   54 
   36 
   54 
   51 
   77 
  120 
  124 
  106 
  100 
   98 
   91 
   79 
   75 
   84 
   86 
   91 
  101 
  109 
  112 
  105 
   93 
  101 
  100 
   98 
  102 
  114 
  121 
  113 
  106 
  112 
  103 
  107 
  107 
  110 
  110 
  113 
  146 
  143 
  138 
  121 
   97 
  104 
  103 
  122 
  111 
  125 
  130 
  128 
  130 
  116 
  106 
   93 
  110 
  104 
  116 
  113 
  101 
   99 
  123 
  101 
   85 
   78 
   75 
   84 
   97 
  100 
   86 
   83 
   81 
   71 
   76 
   63 
   49 
   66 
   85 
   93 
   80 
   60 
   56 
   54 
   72 
   72 
   52 
   54 
   60 
   50 
   72 
   87 
   74 
   63 
   61 
   62 
   62 
   66 
   75 
   77 
   56 
   55 
   71 
   61 
   53 
   59 
   70 
   72 
   70 
   69 
   64 
   57 
   64 
   48 
   22 
   14 
   75 
   64 
   60 
   84 
   85 
   67 
   65 
   63 
   48 
   61 
   71 
   70 
   72 
   80 
   91 
   65 
   51 
   37 
   36 
   35 
   72 
   79 
   77 
   77 
   81 
   95 
   84 
   62 
   53 
   48 
   53 
   69 
   67 
   61 
   48 
   53 
   63 
   50 
   72 
   53 
   67 
   70 
   65 
   72 
   60 
   51 
   62 
   64 
   41 
   46 
   66 
   69 
   91 
   73 
   58 
   70 
   62 
   61 
   56 
   53 
   68 
   63 
   68 
   71 
   84 
   80 
   68 
   50 
    3 
    4 
   82 
   85 
   62 
   60 
   63 
   68 
   60 
   55 
   60 
   56 
   61 
   70 
   81 
   81 
   69 
   64 
   67 
   61 
   48 
   57 
   63 
   63 
   52 
   65 
   80 
   86 
   68 
   58 
   46 
   70 
   83 
   73 
   72 
   77 
   86 
   81 
   73 
   80 
   76 
   61 
   63 
   90 
   92 
   81 
   56 
   55 
   57 
   30 
   27 
   36 
   63 
   84 
   59 
   76 
   72 
   63 
   56 
   60 
   47 
   49 
   72 
   65 
   50 
   51 
   53 
   57 
   56 
   51 
   48 
   58 
   55 
   74 
   59 
   62 
   68 
   61 
   37 
   31 
   43 
   50 
   63 
   63 
   75 
   79 
   74 
   43 
   26 
   12 
   54 
   81 
   61 
   57 
   60 
   62 
   63 
   67 
   45 
   58 
   68 
  115 
  129 
  141 
  172 
  197 
  209 
  218 
  209 
  208 
  205 
  202 
  173 
  141 
  137 
  141 
  104 
   68 
   43 
   32 
   23 
    7 
   30 
   69 
   82 
   86 
   83 
   65 
   63 
   62 
   72 
   61 
   52 
   41 
   75 
   90 
   85 
   63 
   51 
   54 
   57 
   64 
   73 
   89 
   74 
   70 
   65 
   64 
   72 
   57 
   54 
   69 
   73 
   70 
   80 
   84 
   79 
   69 
   55 
   53 
   44 
   59 
   80 
   78 
   86 
   94 
   91 
   76 
   53 
   51 
   55 
   94 
   92 
   95 
   97 
   93 
   85 
   66 
   56 
   63 
   78 
   91 
  102 
   95 
   88 
   90 
   82 
   69 
   63 
   69 
   82 
   86 
  117 
  119 
  103 
  107 
   95 
   86 
   98 
   99 
   86 
   97 
  117 
  125 
  120 
  110 
  111 
   94 
   91 
   99 
  120 
  133 
  129 
  140 
  140 
  111 
  111 
  116 
  105 
   92 
  115 
  137 
  132 
  133 
  105 
  121 
  116 
  117 
  101 
   91 
  104 
  108 
  107 
  110 
   97 
  100 
  101 
   83 
   71 
   73 
   91 
   97 
   95 
   95 
   95 
   80 
   63 
   63 
   78 
   59 
   69 
   79 
   94 
   87 
   79 
   74 
   49 
   49 
   55 
   81 
   72 
   70 
   73 
   85 
   71 
   50 
   43 
   45 
   46 
   46 
   58 
   67 
   74 
   65 
   70 
   70 
   68 
   74 
   51 
   60 
   58 
   65 
   86 
   59 
   83 
   91 
   75 
   54 
   57 
   54 
   53 
   64 
   67 
   74 
   81 
   72 
   53 
   52 
   45 
   48 
   51 
   65 
   61 
   56 
   68 
   57 
   46 
   62 
   60 
   53 
   55 
   82 
   92 
   78 
   75 
   74 
   44 
   43 
   53 
   71 
   81 
   86 
   76 
   68 
   76 
   73 
   66 
   61 
   58 
   57 
   57 
   53 
   55 
   80 
   78 
   63 
   52 
   53 
   59 
   57 
   51 
   66 
   77 
   60 
   56 
   73 
   76 
   59 
   55 
   64 
   56 
   67 
   58 
   66 
   68 
   59 
   55 
   57 
   41 
   59 
   69 
   73 
   78 
   56 
   52 
   60 
   54 
   64 
   67 
   63 
   73 
   69 
   73 
   65 
   61 
   66 
   62 
   55 
   53 
   74 
   53 
   39 
   71 
   87 
   74 
   62 
   64 
   55 
   53 
   55 
   59 
   85 
   97 
  102 
   88 
   56 
   58 
   66 
   66 
   66 
   67 
   81 
   66 
   67 
   66 
   66 
   57 
   50 
   58 
   67 
   79 
   74 
   60 
   68 
   67 
   48 
   38 
   30 
   33 
   54 
   64 
   72 
   74 
   65 
   62 
   54 
   49 
   48 
   43 
   46 
   55 
   81 
   75 
   62 
   53 
   57 
   36 
   45 
   63 
   58 
   59 
   70 
   75 
   82 
   75 
   56 
   46 
   41 
   44 
   42 
   47 
   57 
   51 
   37 
   53 
   48 
   37 
   42 
   49 
   94 
  121 
  127 
  157 
  167 
  179 
  198 
  213 
  214 
  212 
  207 
  213 
  196 
  166 
  132 
  128 
   95 
   62 
   35 
   37 
   32 
   39 
   63 
   61 
   55 
   58 
   63 
   73 
   61 
   61 
   58 
   67 
   78 
   72 
   65 
   48 
   16 
   26 
   69 
   73 
   68 
   73 
   74 
   68 
   65 
   63 
   56 
   43 
   46 
   61 
   80 
   82 
   85 
   81 
   68 
   61 
   53 
   55 
   63 
   65 
   63 
   73 
   93 
   65 
   68 
   78 
   61 
   56 
   56 
   59 
   69 
   73 
   60 
   51 
   95 
   92 
   81 
   70 
   63 
   74 
   85 
   87 
   90 
   91 
   76 
   62 
   71 
   82 
   61 
   62 
   92 
  102 
   90 
   95 
   79 
   88 
   86 
   88 
   87 
   86 
  104 
  115 
  115 
  110 
   97 
   85 
   93 
  102 
  104 
  112 
  127 
  135 
  125 
  111 
  104 
   95 
   87 
  101 
  119 
  124 
  128 
  133 
  123 
  126 
  118 
  100 
   93 
   95 
   79 
   65 
   77 
  135 
  129 
  105 
  106 
  101 
   82 
   76 
   77 
   81 
   83 
   75 
   70 
   81 
   68 
   68 
   49 
   64 
   67 
   80 
   72 
   62 
   52 
   59 
   69 
   42 
   66 
   67 
   56 
   59 
   73 
   66 
   70 
   70 
   63 
   62 
   50 
   46 
   35 
   49 
   65 
   72 
   82 
   48 
   61 
   61 
   50 
   35 
   45 
   62 
   65 
   31 
   38 
   87 
   91 
   61 
   46 
   46 
   51 
   52 
   78 
   76 
   50 
   61 
   51 
   56 
   59 
   63 
   69 
   67 
   61 
   69 
   72 
   66 
   55 
   46 
   47 
   49 
   60 
   69 
   79 
   78 
   70 
   50 
   40 
   53 
   51 
   54 
   46 
   56 
   89 
   89 
   84 
   63 
   59 
   63 
   50 
   29 
   13 
   55 
   94 
  100 
   87 
   70 
   55 
   62 
   61 
   46 
   51 
   56 
   66 
   82 
   71 
   66 
   47 
   51 
   60 
   51 
   36 
   34 
   80 
   78 
   71 
   72 
   58 
   48 
   38 
   32 
   49 
   69 
   72 
   63 
   65 
   81 
   73 
   57 
   45 
   44 
   32 
   47 
   83 
   87 
   81 
   75 
   64 
   51 
   43 
   41 
   36 
   65 
   71 
   79 
   68 
   55 
   47 
   68 
   78 
   31 
   11 
   70 
   98 
   90 
   72 
   62 
   54 
   62 
   56 
   58 
   66 
   65 
   90 
   94 
   86 
   78 
   62 
   52 
   48 
   73 
   72 
   72 
   76 
   83 
   74 
   50 
   45 
   45 
   57 
   60 
   55 
   67 
   75 
   39 
   19 
   59 
   70 
   63 
   69 
   52 
   50 
   58 
   63 
   76 
   49 
   40 
   62 
   56 
   49 
   49 
   59 
   61 
   64 
   66 
   65 
   52 
   32 
   24 
   34 
   58 
   67 
   64 
   70 
   62 
   52 
   56 
   70 
   53 
   27 
   14 
   20 
   37 
   68 
   77 
   54 
   50 
   49 
   35 
   37 
   54 
   74 
   86 
   95 
  120 
  136 
  140 
  166 
  174 
  189 
  189 
  224 
  240 
  227 
  209 
  181 
  149 
  113 
   96 
   75 
   62 
   51 
   54 
   47 
   41 
   43 
   49 
   43 
   62 
   65 
   62 
   54 
   62 
   79 
   84 
   69 
   50 
   49 
   53 
   49 
   63 
   93 
   62 
   51 
   80 
   67 
   57 
   47 
   40 
   44 
   58 
   55 
   59 
   79 
   70 
   49 
   52 
   44 
   38 
   53 
   69 
   78 
   75 
   60 
   73 
   51 
   58 
   48 
   50 
   80 
   85 
   77 
   91 
   89 
   74 
   70 
   68 
   58 
   56 
   46 
   63 
   86 
   75 
   80 
   76 
   76 
   69 
   73 
   58 
   69 
   86 
   87 
   88 
   87 
   82 
   61 
   68 
   84 
   79 
   92 
   97 
  104 
  102 
   97 
   89 
   85 
  106 
   97 
  108 
   94 
  104 
  118 
  114 
   98 
  121 
  118 
  113 
  109 
   98 
  105 
  110 
  118 
  117 
  106 
  115 
  120 
  107 
   99 
   93 
  107 
   96 
  113 
  115 
   93 
  100 
  101 
   90 
   83 
   92 
   87 
   86 
   85 
   91 
   99 
   79 
   49 
   48 
   57 
   59 
   75 
   75 
   68 
   76 
   71 
   75 
   64 
   55 
   30 
   29 
   70 
   84 
   74 
   81 
   83 
   56 
   45 
   38 
   30 
   37 
   44 
   51 
   68 
   78 
   69 
   64 
   47 
   51 
   53 
   48 
   50 
   53 
   51 
   65 
   63 
   69 
   36 
   45 
   55 
   68 
   49 
   42 
   58 
   62 
   70 
   72 
   51 
   51 
   54 
   45 
   59 
   48 
   58 
   67 
   87 
   62 
   46 
   44 
   45 
   44 
   51 
   57 
   67 
   79 
   29 
   43 
   50 
   55 
   59 
   51 
   48 
   61 
   76 
   78 
   65 
   60 
   51 
   74 
   42 
   53 
   73 
   65 
   55 
   64 
   47 
   60 
   57 
   61 
   54 
   62 
   67 
   56 
   40 
   31 
   48 
   53 
   60 
   61 
   54 
   64 
   68 
   69 
   64 
   55 
   42 
   46 
   68 
   49 
   59 
   57 
   53 
   63 
   74 
   62 
   54 
   45 
   56 
   60 
   68 
   21 
   36 
   66 
   71 
   78 
   52 
   37 
   40 
   37 
   45 
   57 
   47 
   56 
   63 
   58 
   65 
   64 
   71 
   56 
   40 
   43 
   43 
   57 
   59 
   62 
   60 
   54 
   50 
   43 
   39 
   51 
   67 
   70 
   67 
   63 
   56 
   46 
   46 
   24 
   31 
   33 
   29 
   58 
   82 
   78 
   79 
   61 
   62 
   52 
   49 
   38 
   39 
   74 
   87 
   69 
   69 
   52 
   41 
   48 
   49 
   53 
   61 
   71 
   76 
   69 
   63 
   46 
   41 
   53 
   56 
   53 
   71 
   81 
   76 
   72 
   71 
   71 
   57 
   42 
   36 
   34 
   45 
   52 
   66 
   68 
   60 
   49 
   64 
   56 
   49 
   53 
   64 
   60 
   56 
   54 
   50 
   30 
   41 
   48 
   37 
   45 
   54 
   49 
   45 
   51 
   41 
   59 
   64 
   59 
   53 
   37 
   63 
   58 
   55 
   62 
   45 
   31 
   36 
   38 
   40 
   68 
   63 
   46 
   61 
   72 
   54 
   36 
   35 
   34 
   34 
   51 
   53 
   76 
   85 
   90 
   94 
  117 
  120 
  151 
  179 
  201 
  224 
  249 
  227 
  211 
  170 
  148 
  132 
  103 
   94 
   89 
   74 
   55 
   58 
   47 
   50 
   56 
   40 
   39 
   50 
   67 
   88 
   75 
   57 
   62 
   47 
   43 
   40 
   34 
   19 
   43 
   66 
   70 
   75 
   68 
   64 
   56 
   55 
   46 
   66 
   77 
   87 
   74 
   72 
   65 
   58 
   62 
   54 
   43 
   39 
   67 
   72 
   77 
   76 
   64 
   44 
   38 
   31 
   44 
   91 
   74 
   57 
   67 
   77 
   72 
   38 
   47 
   62 
   71 
   77 
   85 
   76 
   72 
   81 
   67 
   57 
   67 
   66 
   68 
   78 
   87 
   90 
   86 
   94 
   73 
   71 
   77 
   88 
   90 
   91 
   93 
  103 
  105 
  101 
   94 
   70 
   62 
   80 
   81 
  117 
  127 
  110 
  110 
  105 
  113 
  108 
  102 
   87 
   91 
  109 
  126 
  132 
  123 
  116 
  126 
  110 
  118 
   90 
   76 
  108 
  109 
  108 
  119 
  112 
  108 
   93 
   95 
   80 
   85 
   89 
   83 
   96 
   92 
   94 
   83 
   65 
   68 
   70 
   69 
   74 
   79 
   82 
   87 
   70 
   45 
   54 
   58 
   35 
   73 
   52 
   53 
   61 
   80 
   72 
   70 
   46 
   40 
   38 
   47 
   48 
   26 
   57 
   75 
   69 
   55 
   46 
   61 
   50 
   50 
   53 
   64 
   76 
   75 
   63 
   50 
   32 
   37 
   54 
   68 
   66 
   59 
   67 
   78 
   73 
   56 
   50 
   36 
   39 
   27 
   53 
   56 
   64 
   68 
   63 
   53 
   48 
   48 
   40 
   52 
   48 
   64 
   78 
   71 
   57 
   46 
   37 
   54 
   54 
   55 
   82 
   75 
   59 
   64 
   58 
   61 
   57 
   45 
   48 
   50 
   58 
   70 
   69 
   60 
   42 
   48 
   62 
   58 
   61 
   60 
   65 
   57 
   57 
   66 
   72 
   58 
   49 
   53 
   50 
   63 
   77 
   59 
   50 
   73 
   77 
   66 
   55 
   47 
   45 
   38 
   60 
   71 
   48 
   45 
   55 
   54 
   56 
   42 
   41 
   67 
   85 
   68 
   60 
   47 
   47 
   49 
   62 
   60 
   56 
   60 
   72 
   76 
   73 
   59 
   59 
   51 
   46 
   39 
   38 
   52 
   70 
   81 
   60 
   54 
   57 
   42 
   48 
   48 
   53 
   55 
   41 
   47 
   70 
   90 
   70 
   60 
   49 
   39 
   39 
   55 
   71 
   78 
   66 
   58 
   47 
   42 
   56 
   40 
   36 
   66 
   76 
   63 
   70 
   64 
   66 
   60 
   57 
   41 
   36 
   46 
   67 
   64 
   64 
   60 
   66 
   56 
   62 
   58 
   73 
   60 
   68 
   74 
   72 
   67 
   46 
   50 
   78 
   72 
   64 
   70 
   77 
   77 
   87 
   70 
   41 
   46 
   43 
   46 
   61 
   63 
   54 
   60 
   84 
   63 
   42 
   63 
   62 
   61 
   49 
   46 
   49 
   59 
   58 
   52 
   59 
   41 
   48 
   41 
   41 
   34 
   51 
   67 
   60 
   44 
   50 
   55 
   57 
   57 
   51 
   61 
   53 
   49 
   41 
   53 
   35 
   51 
   59 
   55 
   53 
   62 
   78 
   52 
   57 
   62 
   26 
   19 
   22 
   37 
   37 
   43 
   62 
   81 
  101 
   99 
  101 
  119 
  134 
  146 
  172 
  213 
  222 
  225 
  215 
  202 
  176 
  146 
  130 
  112 
   91 
   77 
   60 
   36 
   44 
   60 
   32 
   34 
   30 
   51 
   56 
   61 
   77 
   69 
   58 
   58 
   45 
   49 
   61 
   50 
   47 
   56 
   71 
   74 
   70 
   62 
   60 
   50 
   39 
   41 
   57 
   57 
   73 
   87 
   68 
   63 
   62 
   57 
   61 
   69 
   67 
   74 
   63 
   69 
   66 
   60 
   69 
   72 
   69 
   63 
   56 
   64 
   85 
   89 
   85 
   70 
   54 
   58 
   68 
   56 
   58 
   92 
   91 
   91 
   84 
   54 
   45 
   60 
   74 
   84 
   98 
   99 
   98 
  101 
   83 
   86 
   81 
   69 
   74 
   79 
   89 
  105 
  110 
  109 
  117 
  100 
   94 
   94 
  100 
   97 
  106 
  108 
  108 
  108 
  124 
   99 
  113 
   97 
  101 
  108 
  119 
  140 
  129 
  125 
  122 
  118 
  110 
   89 
  114 
  118 
  134 
  131 
  118 
  111 
  119 
   96 
   94 
   93 
  104 
  102 
  113 
  101 
   91 
   98 
  101 
   84 
   77 
   66 
   62 
   67 
   89 
   82 
   69 
   86 
   89 
   68 
   47 
   44 
   56 
   87 
   85 
   71 
   78 
   76 
   76 
   63 
   49 
   56 
   69 
   69 
   70 
   73 
   62 
   38 
   66 
   71 
   52 
   56 
   63 
   62 
   75 
   78 
   70 
   72 
   52 
   50 
   42 
   55 
   46 
   38 
   63 
   78 
   84 
   81 
   54 
   57 
   45 
   49 
   45 
   58 
   79 
   82 
   68 
   54 
   60 
   64 
   49 
   53 
   58 
   78 
   82 
   83 
   83 
   81 
   60 
   39 
   45 
   55 
   73 
   87 
   82 
   74 
   74 
   83 
   61 
   61 
   38 
   46 
   62 
   71 
   72 
   68 
   74 
   65 
   50 
   77 
   67 
   53 
   68 
   73 
   62 
   92 
   76 
   73 
   74 
   44 
   43 
   57 
   62 
   52 
   61 
   74 
   74 
   75 
   62 
   60 
   51 
   60 
   60 
   74 
   77 
   81 
   79 
   72 
   55 
   51 
   44 
   56 
   48 
   67 
   70 
   85 
   87 
   75 
   68 
   64 
   45 
   45 
   57 
   77 
   86 
   85 
   58 
   57 
   64 
   56 
   52 
   59 
   67 
   81 
   67 
   70 
   69 
   70 
   57 
   45 
   54 
   69 
   64 
   71 
   76 
   67 
   52 
   67 
   67 
   66 
   66 
   60 
   68 
   67 
   79 
   77 
   81 
   83 
   59 
   47 
   55 
   55 
   41 
   42 
   86 
   94 
   66 
   53 
   62 
   72 
   62 
   71 
   73 
   83 
   77 
   69 
   69 
   68 
   65 
   67 
   42 
   43 
   63 
   71 
  102 
   90 
   80 
   80 
   71 
   73 
   71 
   78 
   79 
   70 
   78 
   87 
   77 
   64 
   74 
   68 
   66 
   52 
   76 
   87 
   93 
   81 
   58 
   63 
   68 
   60 
   54 
   72 
   78 
   79 
   70 
   60 
   76 
   64 
   47 
   36 
   48 
   70 
   81 
   86 
   70 
   68 
   67 
   59 
   57 
   62 
   73 
   72 
   74 
   72 
   77 
   67 
   48 
   40 
   60 
   61 
   67 
   54 
   52 
   88 
   87 
   80 
   74 
   65 
   54 
   49 
   55 
   58 
   65 
   67 
   76 
   56 
   56 
   59 
   56 
   52 
   81 
   97 
  117 
  135 
  145 
  168 
  187 
  205 
  229 
  227 
  230 
  234 
  220 
  215 
  201 
  181 
  141 
  104 
   76 
   49 
   47 
   60 
   84 
   90 
   86 
   80 
   83 
   74 
   58 
   48 
   73 
   58 
   68 
   99 
   91 
   88 
   95 
   82 
   66 
   57 
   59 
   79 
   96 
   94 
   84 
   74 
   66 
   73 
   73 
   64 
   65 
   73 
   77 
   80 
   75 
   73 
   86 
   84 
   82 
   86 
   64 
   89 
   94 
   79 
   83 
   97 
   69 
   82 
   80 
   71 
   75 
   92 
   90 
   83 
   79 
   93 
   98 
   82 
   78 
   86 
   86 
  100 
  105 
   98 
   95 
   94 
   95 
   94 
   85 
   74 
   76 
  105 
  136 
  110 
  112 
  110 
  101 
  101 
   97 
  101 
  108 
  110 
  114 
  119 
  124 
  122 
  119 
  105 
  109 
   98 
  103 
  127 
  139 
  152 
  150 
  140 
  134 
  132 
  119 
  106 
  119 
  141 
  148 
  139 
  149 
  140 
  130 
  125 
  109 
  117 
  116 
  140 
  137 
  134 
  131 
  125 
  122 
  106 
  104 
   93 
   97 
   99 
  105 
  105 
   88 
   95 
   87 
   80 
   92 
  100 
   97 
   89 
   74 
   90 
   93 
   86 
   79 
   73 
   67 
   64 
   84 
   78 
   83 
   81 
   71 
   77 
   78 
   58 
   65 
   81 
  103 
  102 
   83 
   86 
   87 
   75 
   72 
   66 
   71 
   76 
   72 
   83 
   84 
   77 
   75 
   70 
   73 
   67 
   69 
   53 
   80 
   82 
   94 
  114 
   74 
   61 
   64 
   67 
   73 
   83 
   87 
   83 
   72 
   85 
   92 
   90 
   86 
   75 
   64 
   73 
   78 
   70 
  100 
  106 
   89 
   82 
   72 
   76 
   79 
   75 
   56 
   67 
   90 
   86 
   77 
   75 
   83 
   85 
   78 
   83 
   93 
   94 
   94 
   87 
   89 
   77 
   72 
   74 
   69 
   73 
   82 
   86 
   88 
   92 
   79 
   95 
   85 
   65 
   75 
   86 
   80 
   80 
   79 
   84 
   92 
   68 
   68 
   80 
   44 
   66 
   86 
  102 
  101 
   93 
   90 
   81 
   68 
   63 
   75 
   81 
   78 
   84 
   89 
   78 
   75 
   69 
   64 
   72 
   75 
   61 
   83 
   95 
   93 
   86 
   73 
   67 
   76 
   73 
   51 
   65 
   92 
   92 
   95 
   80 
   81 
   93 
   68 
   52 
   55 
   60 
  105 
   88 
   67 
   71 
   95 
   74 
   67 
   68 
   79 
   86 
   82 
   85 
   87 
   82 
   83 
   72 
   69 
   73 
   76 
   68 
   56 
   80 
   85 
   78 
   77 
   86 
   73 
   70 
   70 
   84 
   97 
   78 
   88 
   81 
   80 
   69 
   64 
   72 
   95 
   80 
   70 
   72 
   79 
   72 
   73 
   82 
   80 
   68 
   84 
   90 
   87 
   86 
   86 
   91 
   88 
   73 
   68 
   61 
   69 
   85 
   97 
  100 
  100 
   99 
  105 
   82 
   77 
   73 
   76 
   94 
   98 
   92 
   94 
   86 
   80 
   76 
   83 
   78 
   75 
   80 
   76 
   88 
   82 
   78 
   79 
   68 
   56 
   53 
   72 
   80 
   75 
   77 
   83 
   85 
   80 
   76 
   67 
   63 
   69 
   81 
   92 
   93 
   80 
   62 
   56 
   57 
   57 
   58 
   59 
   77 
   93 
   67 
   69 
   79 
   71 
   66 
   77 
   69 
   61 
   60 
   76 
   78 
   72 
   63 
   62 
   40 
   40 
   44 
   56 
   60 
   45 
   78 
  110 
  117 
  108 
  123 
  141 
  152 
  181 
  204 
  228 
  259 
  258 
  260 
  230 
  213 
  198 
  187 
  154 
  139 
  113 
   85 
   54 
   62 
   54 
   58 
   49 
   57 
   64 
   72 
   93 
   88 
   81 
   73 
   74 
   58 
   48 
   70 
   93 
   89 
   80 
   72 
   68 
   72 
   58 
   54 
   69 
   69 
   70 
   85 
   79 
   84 
   95 
   83 
   60 
   59 
   65 
   68 
   71 
   91 
   91 
   95 
   81 
   72 
   74 
   73 
   57 
   48 
   47 
   65 
   92 
  114 
   88 
   67 
   64 
   60 
   73 
   86 
  110 
  111 
   83 
  100 
   94 
   72 
   83 
   87 
   83 
   77 
   87 
   99 
  102 
   85 
   84 
   87 
   98 
  103 
   87 
   91 
  109 
   97 
  120 
   86 
   83 
   95 
   87 
  101 
  104 
  117 
  122 
  127 
  136 
  130 
  120 
  106 
  109 
  105 
  103 
  123 
  136 
  153 
  159 
  143 
  136 
  129 
  119 
  113 
  120 
  110 
  104 
  133 
  140 
  129 
  137 
  130 
  120 
  116 
  106 
  100 
  112 
  133 
  117 
  118 
  115 
   75 
   72 
   92 
   82 
   83 
  106 
  113 
  105 
   82 
   79 
   75 
   68 
   71 
   73 
   66 
   67 
  101 
   94 
   81 
   53 
   52 
   64 
   65 
   47 
   63 
   75 
   73 
   78 
   96 
   80 
   64 
   55 
   43 
   51 
   72 
   89 
   85 
   75 
   60 
   60 
   61 
   63 
   69 
   63 
   68 
   66 
   64 
   76 
   77 
   58 
   38 
   61 
   57 
   78 
   82 
   82 
   75 
   71 
   64 
   66 
   60 
   46 
   57 
   56 
   55 
   66 
   56 
   72 
   83 
   70 
   54 
   53 
   64 
   69 
   79 
   69 
   78 
   80 
   63 
   66 
   73 
   77 
   63 
   67 
   73 
   74 
   69 
   61 
   81 
   69 
   70 
   56 
   64 
   72 
   77 
   81 
   81 
   73 
   57 
   51 
   47 
   37 
   42 
   49 
   55 
   80 
   81 
   80 
   90 
   76 
   59 
   52 
   47 
   61 
   74 
   80 
   78 
   54 
   60 
   71 
   56 
   41 
   53 
   61 
   68 
   66 
   75 
   80 
   63 
   54 
   47 
   54 
   60 
   71 
   76 
   65 
   64 
   68 
   70 
   45 
   32 
   47 
   60 
   63 
   71 
   69 
   72 
   71 
   64 
   52 
   58 
   47 
   56 
   68 
   72 
   77 
   80 
   70 
   62 
   50 
   42 
   38 
   50 
   60 
   74 
   73 
   65 
   85 
   68 
   50 
   49 
   42 
   41 
   50 
   76 
  102 
   85 
   60 
   51 
   59 
   61 
   57 
   59 
   65 
   76 
   68 
