  229 
  223 
  255 
  234 
  249 
  233 
  243 
  184 
  241 
  266 
  246 
  240 
  213 
  217 
  213 
  205 
  181 
  186 
  184 
  172 
  192 
  220 
  137 
  160 
  122 
  170 
  166 
   99 
  165 
   98 
  118 
  130 
  105 
  142 
  146 
   88 
   42 
   69 
   55 
   52 
   41 
   62 
   99 
   40 
   46 
   73 
   72 
   56 
   66 
   62 
   37 
   53 
   39 
   28 
   60 
   51 
   48 
   60 
   77 
   68 
   68 
   73 
   73 
   61 
   97 
  114 
   81 
  135 
   99 
  103 
   96 
  104 
  107 
  140 
  171 
  156 
  168 
  184 
  114 
  167 
  183 
  196 
  162 
  173 
  214 
  201 
  220 
  194 
  185 
  237 
  250 
  262 
  202 
  209 
  208 
  239 
  229 
  269 
  215 
  210 
  249 
  268 
  228 
  217 
  238 
  207 
  238 
  251 
  236 
  190 
  214 
  215 
  253 
  231 
  207 
  229 
  177 
  185 
  215 
  211 
  189 
  179 
  151 
  171 
  133 
  155 
  143 
  154 
  117 
  132 
  129 
   89 
  104 
  128 
   93 
   79 
   89 
   70 
   80 
   64 
   63 
   69 
   84 
   63 
   84 
    9 
   38 
   51 
   29 
   19 
   57 
   57 
   51 
   54 
   31 
   40 
   50 
   41 
   64 
  108 
   55 
   81 
   52 
  104 
   62 
   91 
   79 
  108 
  103 
  108 
  174 
  108 
  126 
  187 
  116 
  157 
  130 
  179 
  171 
  184 
  171 
  187 
  218 
  148 
  166 
  213 
  196 
  208 
  188 
  204 
  218 
  215 
  215 
  227 
  219 
  267 
  222 
  279 
  236 
  215 
  232 
  263 
  265 
  246 
  247 
  252 
  208 
  223 
  195 
  219 
  244 
  235 
  262 
  215 
  164 
  236 
  223 
  180 
  190 
  196 
  182 
  182 
  160 
  155 
  151 
  127 
  165 
  131 
  138 
  101 
   91 
  105 
   96 
  119 
  102 
   95 
   51 
   56 
   75 
   60 
   89 
   86 
   45 
   71 
   79 
   55 
   80 
   67 
   49 
   62 
   48 
   37 
   53 
   47 
   41 
   85 
   57 
  109 
   52 
   72 
   96 
  123 
   79 
   62 
   98 
   61 
   87 
  103 
  133 
  138 
  115 
  140 
  121 
  147 
  178 
  149 
  147 
  149 
  179 
  198 
  220 
  184 
  192 
  182 
  232 
  203 
  200 
  258 
  235 
  237 
  206 
  239 
  243 
  214 
  234 
  232 
  252 
  223 
  266 
  280 
  238 
  244 
  254 
  266 
  251 
  247 
  227 
  230 
  244 
  262 
  236 
  196 
  225 
  210 
  202 
  197 
  179 
  185 
  170 
  172 
  176 
  171 
  157 
  152 
  149 
  152 
  162 
  142 
  118 
  130 
  107 
   70 
   53 
   60 
   84 
   72 
   65 
   75 
   57 
   54 
   75 
   75 
  105 
   59 
   52 
   37 
   43 
   45 
   10 
   39 
   60 
   34 
   56 
   67 
   70 
   66 
    7 
   44 
   76 
   69 
   65 
   78 
   96 
   81 
   67 
   84 
   89 
  116 
  112 
  121 
  119 
  115 
  129 
  139 
  113 
  150 
  172 
  157 
  197 
  183 
  169 
  181 
  184 
  200 
  215 
  199 
  219 
  250 
  238 
  240 
  211 
  220 
  238 
  234 
  206 
  210 
  263 
  228 
  286 
  200 
  254 
  244 
  228 
  250 
  225 
  256 
  238 
  201 
  182 
  222 
  247 
  224 
  217 
  225 
  178 
  230 
  178 
  191 
  177 
  182 
  134 
  197 
  172 
  195 
  177 
  142 
  117 
   95 
  124 
  121 
  132 
   86 
  115 
   95 
   73 
   99 
   84 
   69 
  107 
   78 
   60 
   64 
   57 
   56 
   60 
   37 
   31 
   53 
   83 
   38 
   24 
   40 
   36 
   40 
   58 
   48 
   41 
   46 
   32 
   45 
   37 
   59 
   52 
   64 
   77 
   64 
   93 
  106 
   85 
  133 
   85 
  115 
   99 
  128 
  115 
  136 
  139 
  136 
  125 
  184 
  218 
  229 
  180 
  194 
  191 
  207 
  192 
  177 
  219 
  199 
  189 
  278 
  229 
  244 
  262 
  207 
  250 
  253 
  246 
  248 
  234 
  259 
  226 
  226 
  255 
  272 
  229 
  224 
  239 
  249 
  243 
  225 
  203 
  223 
  204 
  228 
  167 
  193 
  210 
  168 
  160 
  148 
  154 
  150 
  150 
  124 
  137 
  117 
  115 
  100 
  105 
  176 
  167 
  116 
  104 
   58 
   67 
   61 
   80 
   75 
   64 
   52 
   37 
   53 
   73 
   57 
   51 
   59 
   57 
   12 
   45 
   37 
    5 
   20 
   42 
   67 
   48 
   61 
   41 
   19 
   68 
   51 
   98 
  113 
   76 
  113 
  113 
   71 
  105 
  116 
  128 
  137 
  143 
  149 
  136 
  156 
  109 
  137 
  191 
  160 
  185 
  215 
  173 
  177 
  191 
  215 
  207 
  196 
  188 
  217 
  223 
  220 
  229 
  215 
  250 
  197 
  245 
  257 
  227 
  243 
  250 
  232 
  243 
  250 
  222 
  255 
  258 
  240 
  231 
  204 
  233 
  195 
  247 
  221 
  211 
  192 
  151 
  165 
  191 
  226 
  187 
  172 
  149 
  156 
  166 
  136 
  172 
  104 
  114 
  117 
   71 
  115 
  100 
   95 
  104 
  103 
   94 
   64 
   68 
   72 
   36 
   37 
   47 
   54 
   86 
   64 
   38 
   33 
   76 
   99 
   48 
   36 
   18 
   67 
   55 
   74 
   35 
   61 
   46 
   88 
   55 
   68 
   68 
   99 
   93 
   69 
   82 
   79 
  116 
  118 
   85 
   86 
  129 
  150 
  146 
  118 
  124 
  179 
  165 
  166 
  206 
  169 
  194 
  205 
  218 
  190 
  219 
  271 
  190 
  233 
  223 
  215 
  218 
  247 
  285 
  225 
  253 
  232 
  284 
  255 
  242 
  256 
  243 
  264 
  237 
  216 
  241 
  264 
  206 
  222 
  243 
  180 
  227 
  225 
  209 
  184 
  194 
  191 
  202 
  190 
  164 
  197 
  158 
  136 
  138 
  157 
  138 
  145 
  123 
  165 
   76 
   95 
   96 
   94 
  116 
   86 
   75 
   74 
   84 
   51 
   70 
   26 
   53 
   33 
   37 
   54 
   24 
   26 
   15 
    0 
   42 
   68 
   42 
   43 
   28 
   83 
   48 
   82 
   67 
   58 
   88 
   90 
   73 
  106 
  120 
   88 
   90 
  109 
  113 
  128 
  113 
  139 
  152 
  140 
  146 
  124 
  132 
  133 
  143 
  171 
  148 
  231 
  206 
  156 
  179 
  205 
  178 
  207 
  243 
  221 
  227 
  212 
  223 
  210 
  247 
  232 
  258 
  268 
  266 
  244 
  234 
  219 
  245 
  261 
  233 
  235 
  248 
  250 
  201 
  230 
  226 
  215 
  232 
  202 
  188 
  205 
  203 
  184 
  198 
  146 
  149 
  103 
  169 
  132 
  141 
  160 
  134 
  118 
  104 
  110 
  121 
   73 
   96 
  108 
   58 
   95 
   91 
   55 
   38 
   73 
   77 
   69 
   70 
   28 
   61 
   36 
   35 
   14 
   67 
   48 
   65 
   75 
   23 
   60 
   49 
   70 
   76 
   73 
   43 
   61 
   72 
  134 
  100 
  127 
   93 
   95 
  108 
   91 
  132 
  110 
   91 
  142 
  100 
  101 
  150 
  131 
  138 
  159 
  159 
  170 
  186 
  163 
  168 
  156 
  195 
  221 
  198 
  227 
  232 
  245 
  248 
  218 
  218 
  238 
  226 
  270 
  270 
  246 
  236 
  255 
  231 
  241 
  232 
  244 
  262 
  253 
  258 
  214 
  233 
  206 
  230 
  224 
  239 
  231 
  217 
  188 
  184 
  147 
  173 
  145 
  189 
  182 
  160 
  144 
  148 
  171 
  159 
  117 
  123 
   92 
  116 
  117 
  115 
   61 
   96 
   64 
   69 
   88 
   74 
   61 
   72 
   90 
   42 
   25 
   26 
   29 
   33 
   57 
    3 
   49 
   29 
   67 
   29 
   48 
   31 
   38 
   49 
   52 
   49 
   86 
   78 
  109 
   70 
  102 
   44 
  104 
  104 
   94 
  121 
  131 
  140 
  134 
  144 
  125 
  122 
  145 
  161 
  182 
  153 
  166 
  241 
  175 
  231 
  217 
  192 
  206 
  209 
  227 
  249 
  193 
  269 
  248 
  224 
  235 
  246 
  247 
  267 
  266 
  237 
  242 
